0.000000 0.000000
0.031400 0.031395
0.031400 0.031395
0.031400 0.031395
0.044400 0.044385
0.031400 0.031395
0.037700 0.037691
0.044000 0.043986
0.050300 0.050279
0.056600 0.056570
0.062900 0.062859
0.069200 0.069145
0.075500 0.075428
0.081800 0.081709
0.088100 0.087986
0.094300 0.094160
0.100600 0.100430
0.106900 0.106697
0.113200 0.112958
0.119500 0.119216
0.125800 0.125468
0.132100 0.131716
0.138400 0.137959
0.144700 0.144196
0.150900 0.150328
0.157200 0.156553
0.163500 0.162773
0.169800 0.168985
0.176100 0.175191
0.182400 0.181390
0.188700 0.187582
0.195000 0.193767
0.201300 0.199943
0.207600 0.206112
0.213800 0.212175
0.220100 0.218327
0.226400 0.224471
0.232700 0.230606
0.239000 0.236731
0.245300 0.242847
0.251600 0.248954
0.257900 0.255051
0.264200 0.261137
0.270400 0.267117
0.276700 0.273183
0.283000 0.279238
0.289300 0.285281
0.295600 0.291314
0.301900 0.297335
0.308200 0.303344
0.314500 0.309341
0.320800 0.315326
0.327100 0.321298
0.333300 0.327163
0.339600 0.333110
0.345900 0.339044
0.352200 0.344964
0.358500 0.350870
0.364800 0.356762
0.371100 0.362641
0.377400 0.368505
0.383700 0.374354
0.389900 0.380096
0.396200 0.385916
0.402500 0.391720
0.408800 0.397508
0.415100 0.403281
0.421400 0.409038
0.427700 0.414779
0.434000 0.420503
0.440300 0.426211
0.446600 0.431902
0.452800 0.437485
0.459100 0.443141
0.465400 0.448780
0.471700 0.454401
0.478000 0.460004
0.484300 0.465589
0.490600 0.471155
0.496900 0.476703
0.503200 0.482231
0.509400 0.487654
0.515700 0.493144
0.522000 0.498615
0.528300 0.504066
0.534600 0.509497
0.540900 0.514908
0.547200 0.520298
0.553500 0.525668
0.559800 0.531017
0.566100 0.536345
0.572300 0.541567
0.578600 0.546852
0.584900 0.552116
0.591200 0.557358
0.597500 0.562577
0.603800 0.567775
0.610100 0.572949
0.616400 0.578101
0.622700 0.583231
0.628900 0.588256
0.635200 0.593339
0.641500 0.598398
0.647800 0.603434
0.654100 0.608445
0.660400 0.613433
0.666700 0.618396
0.673000 0.623335
0.679300 0.628249
0.685600 0.633138
0.691800 0.637924
0.698100 0.642763
0.704400 0.647577
0.710700 0.652364
0.717000 0.657126
0.723300 0.661862
0.729600 0.666572
0.735900 0.671255
0.742200 0.675911
0.748400 0.680467
0.754700 0.685070
0.761000 0.689646
0.767300 0.694194
0.773600 0.698715
0.779900 0.703208
0.786200 0.707674
0.792500 0.712111
0.798800 0.716520
0.805100 0.720900
0.811300 0.725183
0.817600 0.729506
0.823900 0.733801
0.830200 0.738066
0.836500 0.742302
0.842800 0.746509
0.849100 0.750686
0.855400 0.754833
0.861700 0.758951
0.867900 0.762973
0.874200 0.767030
0.880500 0.771057
0.886800 0.775054
0.893100 0.779019
0.899400 0.782954
0.905700 0.786857
0.912000 0.790730
0.918300 0.794571
0.924600 0.798380
0.930800 0.802098
0.937100 0.805844
0.943400 0.809559
0.949700 0.813241
0.956000 0.816891
0.962300 0.820508
0.968600 0.824093
0.974900 0.827646
0.981200 0.831165
0.987400 0.834597
0.993700 0.838050
1.000000 0.841471
1.006300 0.844858
1.012600 0.848212
1.018900 0.851532
1.025200 0.854818
1.031500 0.858070
1.037800 0.861288
1.044100 0.864472
1.050300 0.867572
1.056600 0.870688
1.062900 0.873770
1.069200 0.876816
1.075500 0.879828
1.081800 0.882805
1.088100 0.885747
1.094400 0.888653
1.100700 0.891525
1.106900 0.894316
1.113200 0.897117
1.119500 0.899882
1.125800 0.902612
1.132100 0.905306
1.138400 0.907964
1.144700 0.910586
1.151000 0.913172
1.157300 0.915722
1.163600 0.918235
1.169800 0.920673
1.176100 0.923113
1.182400 0.925518
1.188700 0.927885
1.195000 0.930216
1.201300 0.932509
1.207600 0.934766
1.213900 0.936986
1.220200 0.939168
1.226400 0.941279
1.232700 0.943388
1.239000 0.945459
1.245300 0.947492
1.251600 0.949488
1.257900 0.951446
1.264200 0.953366
1.270500 0.955249
1.276800 0.957093
1.283100 0.958900
1.289300 0.960641
1.295600 0.962372
1.301900 0.964065
1.308200 0.965719
1.314500 0.967335
1.320800 0.968913
1.327100 0.970453
1.333400 0.971954
1.339700 0.973416
1.345900 0.974817
1.352200 0.976203
1.358500 0.977550
1.364800 0.978858
1.371100 0.980127
1.377400 0.981357
1.383700 0.982548
1.390000 0.983701
1.396300 0.984814
1.402600 0.985888
1.408800 0.986907
1.415100 0.987904
1.421400 0.988861
1.427700 0.989779
1.434000 0.990658
1.440300 0.991497
1.446600 0.992298
1.452900 0.993058
1.459200 0.993780
1.465400 0.994451
1.471700 0.995094
1.478000 0.995698
1.484300 0.996262
1.490600 0.996786
1.496900 0.997271
1.503200 0.997716
1.509500 0.998122
1.515800 0.998488
1.522100 0.998815
1.528300 0.999097
1.534600 0.999345
1.540900 0.999553
1.547200 0.999722
1.553500 0.999850
1.559800 0.999940
1.566100 0.999989
1.572400 0.999999
1.578700 0.999969
1.584900 0.999901
1.591200 0.999792
1.597500 0.999643
1.603800 0.999455
1.610100 0.999228
1.616400 0.998960
1.622700 0.998653
1.629000 0.998307
1.635300 0.997920
1.641600 0.997494
1.647800 0.997037
1.654100 0.996532
1.660400 0.995988
1.666700 0.995405
1.673000 0.994782
1.679300 0.994119
1.685600 0.993417
1.691900 0.992676
1.698200 0.991895
1.704400 0.991088
1.710700 0.990229
1.717000 0.989331
1.723300 0.988394
1.729600 0.987417
1.735900 0.986401
1.742200 0.985346
1.748500 0.984252
1.754800 0.983119
1.761100 0.981947
1.767300 0.980755
1.773600 0.979506
1.779900 0.978217
1.786200 0.976890
1.792500 0.975524
1.798800 0.974120
1.805100 0.972676
1.811400 0.971194
1.817700 0.969674
1.823900 0.968140
1.830200 0.966543
1.836500 0.964908
1.842800 0.963235
1.849100 0.961523
1.855400 0.959773
1.861700 0.957985
1.868000 0.956159
1.874300 0.954295
1.880600 0.952393
1.886800 0.950485
1.893100 0.948508
1.899400 0.946494
1.905700 0.944442
1.912000 0.942353
1.918300 0.940226
1.924600 0.938062
1.930900 0.935860
1.937200 0.933622
1.943400 0.931383
1.949700 0.929071
1.956000 0.926722
1.962300 0.924336
1.968600 0.921914
1.974900 0.919455
1.981200 0.916960
1.987500 0.914428
1.993800 0.911860
2.000100 0.909256
2.006300 0.906658
2.012600 0.903982
2.018900 0.901270
2.025200 0.898523
2.031500 0.895740
2.037800 0.892921
2.044100 0.890067
2.050400 0.887178
2.056700 0.884253
2.062900 0.881341
2.069200 0.878347
2.075500 0.875318
2.081800 0.872254
2.088100 0.869156
2.094400 0.866023
2.100700 0.862856
2.107000 0.859654
2.113300 0.856419
2.119600 0.853149
2.125800 0.849899
2.132100 0.846562
2.138400 0.843192
2.144700 0.839788
2.151000 0.836351
2.157300 0.832881
2.163600 0.829378
2.169900 0.825841
2.176200 0.822272
2.182400 0.818728
2.188700 0.815095
2.195000 0.811429
2.201300 0.807731
2.207600 0.804000
2.213900 0.800238
2.220200 0.796445
2.226500 0.792619
2.232800 0.788762
2.239100 0.784874
2.245300 0.781017
2.251600 0.777067
2.257900 0.773086
2.264200 0.769075
2.270500 0.765033
2.276800 0.760961
2.283100 0.756858
2.289400 0.752726
2.295700 0.748563
2.301900 0.744438
2.308200 0.740217
2.314500 0.735966
2.320800 0.731686
2.327100 0.727378
2.333400 0.723040
2.339700 0.718673
2.346000 0.714279
2.352300 0.709855
2.358600 0.705404
2.364800 0.700996
2.371100 0.696489
2.377400 0.691954
2.383700 0.687392
2.390000 0.682803
2.396300 0.678187
2.402600 0.673544
2.408900 0.668874
2.415200 0.664177
2.421400 0.659529
2.427700 0.654781
2.434000 0.650006
2.440300 0.645206
2.446600 0.640380
2.452900 0.635528
2.459200 0.630652
2.465500 0.625750
2.471800 0.620823
2.478100 0.615872
2.484300 0.610976
2.490600 0.605976
2.496900 0.600953
2.503200 0.595905
2.509500 0.590834
2.515800 0.585740
2.522100 0.580622
2.528400 0.575481
2.534700 0.570318
2.540900 0.565214
2.547200 0.560006
2.553500 0.554775
2.559800 0.549523
2.566100 0.544248
2.572400 0.538952
2.578700 0.533635
2.585000 0.528296
2.591300 0.522937
2.597600 0.517556
2.603800 0.512241
2.610100 0.506821
2.616400 0.501380
2.622700 0.495919
2.629000 0.490438
2.635300 0.484938
2.641600 0.479419
2.647900 0.473881
2.654200 0.468324
2.660400 0.462837
2.666700 0.457243
2.673000 0.451631
2.679300 0.446001
2.685600 0.440354
2.691900 0.434689
2.698200 0.429007
2.704500 0.423307
2.710800 0.417591
2.717100 0.411859
2.723300 0.406201
2.729600 0.400436
2.735900 0.394655
2.742200 0.388859
2.748500 0.383047
2.754800 0.377220
2.761100 0.371378
2.767400 0.365521
2.773700 0.359650
2.779900 0.353858
2.786200 0.347959
2.792500 0.342045
2.798800 0.336119
2.805100 0.330178
2.811400 0.324225
2.817700 0.318259
2.824000 0.312281
2.830300 0.306289
2.836600 0.300286
2.842800 0.294367
2.849100 0.288340
2.855400 0.282302
2.861700 0.276252
2.868000 0.270192
2.874300 0.264121
2.880600 0.258040
2.886900 0.251948
2.893200 0.245846
2.899400 0.239832
2.905700 0.233711
2.912000 0.227581
2.918300 0.221442
2.924600 0.215294
2.930900 0.209137
2.937200 0.202972
2.943500 0.196800
2.949800 0.190619
2.956100 0.184431
2.962300 0.178334
2.968600 0.172131
2.974900 0.165922
2.981200 0.159706
2.987500 0.153484
2.993800 0.147255
3.000100 0.141021
3.006400 0.134781
3.012700 0.128536
3.018900 0.122385
3.025200 0.116130
3.031500 0.109870
3.037800 0.103606
3.044100 0.097338
3.050400 0.091066
3.056700 0.084791
3.063000 0.078512
3.069300 0.072230
3.075600 0.065945
3.081800 0.059757
3.088100 0.053467
3.094400 0.047175
3.100700 0.040881
3.107000 0.034586
3.113300 0.028289
3.119600 0.021991
3.125900 0.015692
3.132200 0.009393
3.138400 0.003193
3.144700 -0.003107
3.151000 -0.009407
3.157300 -0.015707
3.163600 -0.022006
3.169900 -0.028304
3.176200 -0.034600
3.182500 -0.040896
3.188800 -0.047190
3.195100 -0.053482
3.201300 -0.059672
3.207600 -0.065959
3.213900 -0.072244
3.220200 -0.078526
3.226500 -0.084805
3.232800 -0.091081
3.239100 -0.097353
3.245400 -0.103621
3.251700 -0.109885
3.257900 -0.116045
3.264200 -0.122300
3.270500 -0.128551
3.276800 -0.134796
3.283100 -0.141036
3.289400 -0.147270
3.295700 -0.153498
3.302000 -0.159720
3.308300 -0.165936
3.314600 -0.172146
3.320800 -0.178250
3.327100 -0.184445
3.333400 -0.190633
3.339700 -0.196814
3.346000 -0.202987
3.352300 -0.209152
3.358600 -0.215308
3.364900 -0.221456
3.371200 -0.227595
3.377400 -0.233628
3.383700 -0.239749
3.390000 -0.245861
3.396300 -0.251962
3.402600 -0.258054
3.408900 -0.264135
3.415200 -0.270206
3.421500 -0.276267
3.427800 -0.282316
3.434100 -0.288354
3.440300 -0.294285
3.446600 -0.300300
3.452900 -0.306303
3.459200 -0.312294
3.465500 -0.318273
3.471800 -0.324239
3.478100 -0.330192
3.484400 -0.336132
3.490700 -0.342059
3.496900 -0.347879
3.503200 -0.353778
3.509500 -0.359664
3.515800 -0.365535
3.522100 -0.371392
3.528400 -0.377234
3.534700 -0.383061
3.541000 -0.388872
3.547300 -0.394669
3.553600 -0.400450
3.559800 -0.406123
3.566100 -0.411872
3.572400 -0.417605
3.578700 -0.423321
3.585000 -0.429020
3.591300 -0.434702
3.597600 -0.440367
3.603900 -0.446014
3.610200 -0.451644
3.616400 -0.457167
3.622700 -0.462761
3.629000 -0.468337
3.635300 -0.473894
3.641600 -0.479432
3.647900 -0.484951
3.654200 -0.490451
3.660500 -0.495932
3.666800 -0.501392
3.673100 -0.506833
3.679300 -0.512168
3.685600 -0.517569
3.691900 -0.522949
3.698200 -0.528309
3.704500 -0.533647
3.710800 -0.538965
3.717100 -0.544260
3.723400 -0.549535
3.729700 -0.554787
3.735900 -0.559935
3.742200 -0.565144
3.748500 -0.570330
3.754800 -0.575493
3.761100 -0.580634
3.767400 -0.585752
3.773700 -0.590846
3.780000 -0.595917
3.786300 -0.600965
3.792600 -0.605988
3.798800 -0.610908
3.805100 -0.615884
3.811400 -0.620835
3.817700 -0.625761
3.824000 -0.630663
3.830300 -0.635540
3.836600 -0.640391
3.842900 -0.645217
3.849200 -0.650017
3.855400 -0.654716
3.861700 -0.659465
3.868000 -0.664188
3.874300 -0.668885
3.880600 -0.673555
3.886900 -0.678198
3.893200 -0.682814
3.899500 -0.687403
3.905800 -0.691965
3.912100 -0.696499
3.918300 -0.700935
3.924600 -0.705414
3.930900 -0.709866
3.937200 -0.714289
3.943500 -0.718684
3.949800 -0.723050
3.956100 -0.727388
3.962400 -0.731696
3.968700 -0.735976
3.974900 -0.740159
3.981200 -0.744381
3.987500 -0.748573
3.993800 -0.752735
4.000100 -0.756868
4.006400 -0.760970
4.012700 -0.765043
4.019000 -0.769084
4.025300 -0.773096
4.031600 -0.777076
4.037800 -0.780964
4.044100 -0.784883
4.050400 -0.788771
4.056700 -0.792628
4.063000 -0.796453
4.069300 -0.800247
4.075600 -0.804009
4.081900 -0.807739
4.088200 -0.811437
4.094400 -0.815045
4.100700 -0.818679
4.107000 -0.822281
4.113300 -0.825850
4.119600 -0.829386
4.125900 -0.832889
4.132200 -0.836359
4.138500 -0.839796
4.144800 -0.843200
4.151100 -0.846570
4.157300 -0.849854
4.163600 -0.853157
4.169900 -0.856426
4.176200 -0.859662
4.182500 -0.862863
4.188800 -0.866030
4.195100 -0.869163
4.201400 -0.872261
4.207700 -0.875325
4.213900 -0.878306
4.220200 -0.881301
4.226500 -0.884260
4.232800 -0.887185
4.239100 -0.890074
4.245400 -0.892928
4.251700 -0.895746
4.258000 -0.898529
4.264300 -0.901277
4.270600 -0.903988
4.276800 -0.906622
4.283100 -0.909262
4.289400 -0.911866
4.295700 -0.914434
4.302000 -0.916966
4.308300 -0.919461
4.314600 -0.921920
4.320900 -0.924342
4.327200 -0.926727
4.333400 -0.929039
4.339700 -0.931352
4.346000 -0.933627
4.352300 -0.935865
4.358600 -0.938067
4.364900 -0.940231
4.371200 -0.942357
4.377500 -0.944447
4.383800 -0.946499
4.390100 -0.948513
4.396300 -0.950458
4.402600 -0.952398
4.408900 -0.954300
4.415200 -0.956163
4.421500 -0.957989
4.427800 -0.959777
4.434100 -0.961527
4.440400 -0.963238
4.446700 -0.964912
4.452900 -0.966521
4.459200 -0.968119
4.465500 -0.969677
4.471800 -0.971198
4.478100 -0.972680
4.484400 -0.974123
4.490700 -0.975527
4.497000 -0.976893
4.503300 -0.978220
4.509600 -0.979509
4.515800 -0.980739
4.522100 -0.981950
4.528400 -0.983122
4.534700 -0.984255
4.541000 -0.985349
4.547300 -0.986404
4.553600 -0.987419
4.559900 -0.988396
4.566200 -0.989333
4.572400 -0.990218
4.578700 -0.991077
4.585000 -0.991897
4.591300 -0.992678
4.597600 -0.993419
4.603900 -0.994121
4.610200 -0.994783
4.616500 -0.995406
4.622800 -0.995990
4.629100 -0.996533
4.635300 -0.997030
4.641600 -0.997496
4.647900 -0.997921
4.654200 -0.998307
4.660500 -0.998654
4.666800 -0.998961
4.673100 -0.999228
4.679400 -0.999456
4.685700 -0.999644
4.691900 -0.999790
4.698200 -0.999899
4.704500 -0.999969
4.710800 -0.999999
4.717100 -0.999989
4.723400 -0.999939
4.729700 -0.999850
4.736000 -0.999721
4.742300 -0.999553
4.748600 -0.999344
4.754800 -0.999101
4.761100 -0.998814
4.767400 -0.998487
4.773700 -0.998121
4.780000 -0.997715
4.786300 -0.997270
4.792600 -0.996785
4.798900 -0.996260
4.805200 -0.995696
4.811400 -0.995102
4.817700 -0.994460
4.824000 -0.993778
4.830300 -0.993057
4.836600 -0.992296
4.842900 -0.991496
4.849200 -0.990656
4.855500 -0.989777
4.861800 -0.988859
4.868100 -0.987902
4.874300 -0.986921
4.880600 -0.985886
4.886900 -0.984812
4.893200 -0.983698
4.899500 -0.982546
4.905800 -0.981354
4.912100 -0.980124
4.918400 -0.978855
4.924700 -0.977547
4.930900 -0.976221
4.937200 -0.974836
4.943500 -0.973413
4.949800 -0.971950
4.956100 -0.970449
4.962400 -0.968910
4.968700 -0.967332
4.975000 -0.965715
4.981300 -0.964061
4.987600 -0.962368
4.993800 -0.960665
5.000100 -0.958896
5.006400 -0.957089
5.012700 -0.955245
5.019000 -0.953362
5.025300 -0.951442
5.031600 -0.949483
5.037900 -0.947487
5.044200 -0.945454
5.050400 -0.943416
5.056700 -0.941308
5.063000 -0.939163
5.069300 -0.936981
5.075600 -0.934761
5.081900 -0.932504
5.088200 -0.930210
5.094500 -0.927880
5.100800 -0.925512
5.107100 -0.923108
5.113300 -0.920706
5.119600 -0.918229
5.125900 -0.915716
5.132200 -0.913166
5.138500 -0.910580
5.144800 -0.907958
5.151100 -0.905300
5.157400 -0.902606
5.163700 -0.899876
5.169900 -0.897155
5.176200 -0.894354
5.182500 -0.891518
5.188800 -0.888647
5.195100 -0.885740
5.201400 -0.882798
5.207700 -0.879821
5.214000 -0.876809
5.220300 -0.873762
5.226600 -0.870681
5.232800 -0.867615
5.239100 -0.864465
5.245400 -0.861281
5.251700 -0.858063
5.258000 -0.854810
5.264300 -0.851524
5.270600 -0.848204
5.276900 -0.844850
5.283200 -0.841463
5.289400 -0.838097
5.295700 -0.834644
5.302000 -0.831157
5.308300 -0.827638
5.314600 -0.824085
5.320900 -0.820500
5.327200 -0.816882
5.333500 -0.813232
5.339800 -0.809550
5.346100 -0.805836
5.352300 -0.802149
5.358600 -0.798371
5.364900 -0.794562
5.371200 -0.790721
5.377500 -0.786848
5.383800 -0.782945
5.390100 -0.779010
5.396400 -0.775044
5.402700 -0.771048
5.408900 -0.767085
5.415200 -0.763028
5.421500 -0.758941
5.427800 -0.754824
5.434100 -0.750676
5.440400 -0.746499
5.446700 -0.742293
5.453000 -0.738056
5.459300 -0.733791
5.465600 -0.729496
5.471800 -0.725242
5.478100 -0.720890
5.484400 -0.716509
5.490700 -0.712100
5.497000 -0.707663
5.503300 -0.703198
5.509600 -0.698705
5.515900 -0.694184
5.522200 -0.689635
5.528400 -0.685132
5.534700 -0.680530
5.541000 -0.675900
5.547300 -0.671244
5.553600 -0.666561
5.559900 -0.661851
5.566200 -0.657115
5.572500 -0.652353
5.578800 -0.647566
5.585100 -0.642752
5.591300 -0.637990
5.597600 -0.633126
5.603900 -0.628237
5.610200 -0.623323
5.616500 -0.618384
5.622800 -0.613421
5.629100 -0.608434
5.635400 -0.603422
5.641700 -0.598386
5.647900 -0.593407
5.654200 -0.588325
5.660500 -0.583219
5.666800 -0.578089
5.673100 -0.572937
5.679400 -0.567763
5.685700 -0.562565
5.692000 -0.557346
5.698300 -0.552104
5.704600 -0.546840
5.710800 -0.541639
5.717100 -0.536332
5.723400 -0.531004
5.729700 -0.525655
5.736000 -0.520286
5.742300 -0.514895
5.748600 -0.509484
5.754900 -0.504053
5.761200 -0.498602
5.767400 -0.493218
5.773700 -0.487728
5.780000 -0.482218
5.786300 -0.476690
5.792600 -0.471142
5.798900 -0.465576
5.805200 -0.459991
5.811500 -0.454388
5.817800 -0.448767
5.824100 -0.443128
5.830300 -0.437562
5.836600 -0.431888
5.842900 -0.426198
5.849200 -0.420490
5.855500 -0.414766
5.861800 -0.409025
5.868100 -0.403268
5.874400 -0.397495
5.880700 -0.391706
5.886900 -0.385994
5.893200 -0.380175
5.899500 -0.374340
5.905800 -0.368491
5.912100 -0.362627
5.918400 -0.356749
5.924700 -0.350856
5.931000 -0.344950
5.937300 -0.339030
5.943600 -0.333096
5.949800 -0.327244
5.956100 -0.321284
5.962400 -0.315312
5.968700 -0.309327
5.975000 -0.303330
5.981300 -0.297321
5.987600 -0.291300
5.993900 -0.285267
6.000200 -0.279223
6.006400 -0.273265
6.012700 -0.267199
6.019000 -0.261123
6.025300 -0.255036
6.031600 -0.248940
6.037900 -0.242833
6.044200 -0.236717
6.050500 -0.230591
6.056800 -0.224457
6.063100 -0.218313
6.069300 -0.212258
6.075600 -0.206098
6.081900 -0.199929
6.088200 -0.193752
6.094500 -0.187568
6.100800 -0.181376
6.107100 -0.175177
6.113400 -0.168971
6.119700 -0.162758
6.125900 -0.156638
6.132200 -0.150412
6.138500 -0.144181
6.144800 -0.137944
6.151100 -0.131702
6.157400 -0.125454
6.163700 -0.119201
6.170000 -0.112944
6.176300 -0.106682
6.182600 -0.100416
6.188800 -0.094245
6.195100 -0.087971
6.201400 -0.081694
6.207700 -0.075414
6.214000 -0.069130
6.220300 -0.062844
6.226600 -0.056555
6.232900 -0.050264
6.239200 -0.043971
6.245400 -0.037776
6.251700 -0.031480
6.258000 -0.025183
6.264300 -0.018884
6.270600 -0.012585
6.276900 -0.006285
6.283200 0.000015
