0.0000
0.0314
0.0314
0.0314
0.0444
0.0314
0.0377
0.0440
0.0503
0.0566
0.0629
0.0692
0.0755
0.0818
0.0881
0.0943
0.1006
0.1069
0.1132
0.1195
0.1258
0.1321
0.1384
0.1447
0.1509
0.1572
0.1635
0.1698
0.1761
0.1824
0.1887
0.1950
0.2013
0.2076
0.2138
0.2201
0.2264
0.2327
0.2390
0.2453
0.2516
0.2579
0.2642
0.2704
0.2767
0.2830
0.2893
0.2956
0.3019
0.3082
0.3145
0.3208
0.3271
0.3333
0.3396
0.3459
0.3522
0.3585
0.3648
0.3711
0.3774
0.3837
0.3899
0.3962
0.4025
0.4088
0.4151
0.4214
0.4277
0.4340
0.4403
0.4466
0.4528
0.4591
0.4654
0.4717
0.4780
0.4843
0.4906
0.4969
0.5032
0.5094
0.5157
0.5220
0.5283
0.5346
0.5409
0.5472
0.5535
0.5598
0.5661
0.5723
0.5786
0.5849
0.5912
0.5975
0.6038
0.6101
0.6164
0.6227
0.6289
0.6352
0.6415
0.6478
0.6541
0.6604
0.6667
0.6730
0.6793
0.6856
0.6918
0.6981
0.7044
0.7107
0.7170
0.7233
0.7296
0.7359
0.7422
0.7484
0.7547
0.7610
0.7673
0.7736
0.7799
0.7862
0.7925
0.7988
0.8051
0.8113
0.8176
0.8239
0.8302
0.8365
0.8428
0.8491
0.8554
0.8617
0.8679
0.8742
0.8805
0.8868
0.8931
0.8994
0.9057
0.9120
0.9183
0.9246
0.9308
0.9371
0.9434
0.9497
0.9560
0.9623
0.9686
0.9749
0.9812
0.9874
0.9937
1.0000
1.0063
1.0126
1.0189
1.0252
1.0315
1.0378
1.0441
1.0503
1.0566
1.0629
1.0692
1.0755
1.0818
1.0881
1.0944
1.1007
1.1069
1.1132
1.1195
1.1258
1.1321
1.1384
1.1447
1.1510
1.1573
1.1636
1.1698
1.1761
1.1824
1.1887
1.1950
1.2013
1.2076
1.2139
1.2202
1.2264
1.2327
1.2390
1.2453
1.2516
1.2579
1.2642
1.2705
1.2768
1.2831
1.2893
1.2956
1.3019
1.3082
1.3145
1.3208
1.3271
1.3334
1.3397
1.3459
1.3522
1.3585
1.3648
1.3711
1.3774
1.3837
1.3900
1.3963
1.4026
1.4088
1.4151
1.4214
1.4277
1.4340
1.4403
1.4466
1.4529
1.4592
1.4654
1.4717
1.4780
1.4843
1.4906
1.4969
1.5032
1.5095
1.5158
1.5221
1.5283
1.5346
1.5409
1.5472
1.5535
1.5598
1.5661
1.5724
1.5787
1.5849
1.5912
1.5975
1.6038
1.6101
1.6164
1.6227
1.6290
1.6353
1.6416
1.6478
1.6541
1.6604
1.6667
1.6730
1.6793
1.6856
1.6919
1.6982
1.7044
1.7107
1.7170
1.7233
1.7296
1.7359
1.7422
1.7485
1.7548
1.7611
1.7673
1.7736
1.7799
1.7862
1.7925
1.7988
1.8051
1.8114
1.8177
1.8239
1.8302
1.8365
1.8428
1.8491
1.8554
1.8617
1.8680
1.8743
1.8806
1.8868
1.8931
1.8994
1.9057
1.9120
1.9183
1.9246
1.9309
1.9372
1.9434
1.9497
1.9560
1.9623
1.9686
1.9749
1.9812
1.9875
1.9938
2.0001
2.0063
2.0126
2.0189
2.0252
2.0315
2.0378
2.0441
2.0504
2.0567
2.0629
2.0692
2.0755
2.0818
2.0881
2.0944
2.1007
2.1070
2.1133
2.1196
2.1258
2.1321
2.1384
2.1447
2.1510
2.1573
2.1636
2.1699
2.1762
2.1824
2.1887
2.1950
2.2013
2.2076
2.2139
2.2202
2.2265
2.2328
2.2391
2.2453
2.2516
2.2579
2.2642
2.2705
2.2768
2.2831
2.2894
2.2957
2.3019
2.3082
2.3145
2.3208
2.3271
2.3334
2.3397
2.3460
2.3523
2.3586
2.3648
2.3711
2.3774
2.3837
2.3900
2.3963
2.4026
2.4089
2.4152
2.4214
2.4277
2.4340
2.4403
2.4466
2.4529
2.4592
2.4655
2.4718
2.4781
2.4843
2.4906
2.4969
2.5032
2.5095
2.5158
2.5221
2.5284
2.5347
2.5409
2.5472
2.5535
2.5598
2.5661
2.5724
2.5787
2.5850
2.5913
2.5976
2.6038
2.6101
2.6164
2.6227
2.6290
2.6353
2.6416
2.6479
2.6542
2.6604
2.6667
2.6730
2.6793
2.6856
2.6919
2.6982
2.7045
2.7108
2.7171
2.7233
2.7296
2.7359
2.7422
2.7485
2.7548
2.7611
2.7674
2.7737
2.7799
2.7862
2.7925
2.7988
2.8051
2.8114
2.8177
2.8240
2.8303
2.8366
2.8428
2.8491
2.8554
2.8617
2.8680
2.8743
2.8806
2.8869
2.8932
2.8994
2.9057
2.9120
2.9183
2.9246
2.9309
2.9372
2.9435
2.9498
2.9561
2.9623
2.9686
2.9749
2.9812
2.9875
2.9938
3.0001
3.0064
3.0127
3.0189
3.0252
3.0315
3.0378
3.0441
3.0504
3.0567
3.0630
3.0693
3.0756
3.0818
3.0881
3.0944
3.1007
3.1070
3.1133
3.1196
3.1259
3.1322
3.1384
3.1447
3.1510
3.1573
3.1636
3.1699
3.1762
3.1825
3.1888
3.1951
3.2013
3.2076
3.2139
3.2202
3.2265
3.2328
3.2391
3.2454
3.2517
3.2579
3.2642
3.2705
3.2768
3.2831
3.2894
3.2957
3.3020
3.3083
3.3146
3.3208
3.3271
3.3334
3.3397
3.3460
3.3523
3.3586
3.3649
3.3712
3.3774
3.3837
3.3900
3.3963
3.4026
3.4089
3.4152
3.4215
3.4278
3.4341
3.4403
3.4466
3.4529
3.4592
3.4655
3.4718
3.4781
3.4844
3.4907
3.4969
3.5032
3.5095
3.5158
3.5221
3.5284
3.5347
3.5410
3.5473
3.5536
3.5598
3.5661
3.5724
3.5787
3.5850
3.5913
3.5976
3.6039
3.6102
3.6164
3.6227
3.6290
3.6353
3.6416
3.6479
3.6542
3.6605
3.6668
3.6731
3.6793
3.6856
3.6919
3.6982
3.7045
3.7108
3.7171
3.7234
3.7297
3.7359
3.7422
3.7485
3.7548
3.7611
3.7674
3.7737
3.7800
3.7863
3.7926
3.7988
3.8051
3.8114
3.8177
3.8240
3.8303
3.8366
3.8429
3.8492
3.8554
3.8617
3.8680
3.8743
3.8806
3.8869
3.8932
3.8995
3.9058
3.9121
3.9183
3.9246
3.9309
3.9372
3.9435
3.9498
3.9561
3.9624
3.9687
3.9749
3.9812
3.9875
3.9938
4.0001
4.0064
4.0127
4.0190
4.0253
4.0316
4.0378
4.0441
4.0504
4.0567
4.0630
4.0693
4.0756
4.0819
4.0882
4.0944
4.1007
4.1070
4.1133
4.1196
4.1259
4.1322
4.1385
4.1448
4.1511
4.1573
4.1636
4.1699
4.1762
4.1825
4.1888
4.1951
4.2014
4.2077
4.2139
4.2202
4.2265
4.2328
4.2391
4.2454
4.2517
4.2580
4.2643
4.2706
4.2768
4.2831
4.2894
4.2957
4.3020
4.3083
4.3146
4.3209
4.3272
4.3334
4.3397
4.3460
4.3523
4.3586
4.3649
4.3712
4.3775
4.3838
4.3901
4.3963
4.4026
4.4089
4.4152
4.4215
4.4278
4.4341
4.4404
4.4467
4.4529
4.4592
4.4655
4.4718
4.4781
4.4844
4.4907
4.4970
4.5033
4.5096
4.5158
4.5221
4.5284
4.5347
4.5410
4.5473
4.5536
4.5599
4.5662
4.5724
4.5787
4.5850
4.5913
4.5976
4.6039
4.6102
4.6165
4.6228
4.6291
4.6353
4.6416
4.6479
4.6542
4.6605
4.6668
4.6731
4.6794
4.6857
4.6919
4.6982
4.7045
4.7108
4.7171
4.7234
4.7297
4.7360
4.7423
4.7486
4.7548
4.7611
4.7674
4.7737
4.7800
4.7863
4.7926
4.7989
4.8052
4.8114
4.8177
4.8240
4.8303
4.8366
4.8429
4.8492
4.8555
4.8618
4.8681
4.8743
4.8806
4.8869
4.8932
4.8995
4.9058
4.9121
4.9184
4.9247
4.9309
4.9372
4.9435
4.9498
4.9561
4.9624
4.9687
4.9750
4.9813
4.9876
4.9938
5.0001
5.0064
5.0127
5.0190
5.0253
5.0316
5.0379
5.0442
5.0504
5.0567
5.0630
5.0693
5.0756
5.0819
5.0882
5.0945
5.1008
5.1071
5.1133
5.1196
5.1259
5.1322
5.1385
5.1448
5.1511
5.1574
5.1637
5.1699
5.1762
5.1825
5.1888
5.1951
5.2014
5.2077
5.2140
5.2203
5.2266
5.2328
5.2391
5.2454
5.2517
5.2580
5.2643
5.2706
5.2769
5.2832
5.2894
5.2957
5.3020
5.3083
5.3146
5.3209
5.3272
5.3335
5.3398
5.3461
5.3523
5.3586
5.3649
5.3712
5.3775
5.3838
5.3901
5.3964
5.4027
5.4089
5.4152
5.4215
5.4278
5.4341
5.4404
5.4467
5.4530
5.4593
5.4656
5.4718
5.4781
5.4844
5.4907
5.4970
5.5033
5.5096
5.5159
5.5222
5.5284
5.5347
5.5410
5.5473
5.5536
5.5599
5.5662
5.5725
5.5788
5.5851
5.5913
5.5976
5.6039
5.6102
5.6165
5.6228
5.6291
5.6354
5.6417
5.6479
5.6542
5.6605
5.6668
5.6731
5.6794
5.6857
5.6920
5.6983
5.7046
5.7108
5.7171
5.7234
5.7297
5.7360
5.7423
5.7486
5.7549
5.7612
5.7674
5.7737
5.7800
5.7863
5.7926
5.7989
5.8052
5.8115
5.8178
5.8241
5.8303
5.8366
5.8429
5.8492
5.8555
5.8618
5.8681
5.8744
5.8807
5.8869
5.8932
5.8995
5.9058
5.9121
5.9184
5.9247
5.9310
5.9373
5.9436
5.9498
5.9561
5.9624
5.9687
5.9750
5.9813
5.9876
5.9939
6.0002
6.0064
6.0127
6.0190
6.0253
6.0316
6.0379
6.0442
6.0505
6.0568
6.0631
6.0693
6.0756
6.0819
6.0882
6.0945
6.1008
6.1071
6.1134
6.1197
6.1259
6.1322
6.1385
6.1448
6.1511
6.1574
6.1637
6.1700
6.1763
6.1826
6.1888
6.1951
6.2014
6.2077
6.2140
6.2203
6.2266
6.2329
6.2392
6.2454
6.2517
6.2580
6.2643
6.2706
6.2769
6.2832
