0.000000
0.000986
0.000986
0.000986
0.001970
0.000986
0.001421
0.001935
0.002528
0.003200
0.003951
0.004781
0.005689
0.006676
0.007742
0.008866
0.010086
0.011384
0.012760
0.014212
0.015742
0.017349
0.019033
0.020792
0.022598
0.024509
0.026495
0.028556
0.030692
0.032902
0.035187
0.037545
0.039977
0.042482
0.045018
0.047667
0.050387
0.053179
0.056042
0.058975
0.061978
0.065051
0.068193
0.071351
0.074629
0.077974
0.081385
0.084864
0.088408
0.092018
0.095692
0.099430
0.103232
0.107036
0.110962
0.114951
0.119000
0.123110
0.127279
0.131508
0.135796
0.140141
0.144473
0.148931
0.153444
0.158013
0.162636
0.167312
0.172042
0.176823
0.181656
0.186539
0.191393
0.196374
0.201404
0.206481
0.211604
0.216773
0.221987
0.227245
0.232547
0.237806
0.243191
0.248617
0.254082
0.259587
0.265130
0.270710
0.276327
0.281979
0.287665
0.293295
0.299047
0.304832
0.310648
0.316493
0.322368
0.328271
0.334201
0.340158
0.346045
0.352051
0.358080
0.364132
0.370206
0.376300
0.382414
0.388546
0.394696
0.400863
0.406948
0.413145
0.419356
0.425579
0.431815
0.438061
0.444318
0.450583
0.456856
0.463036
0.469321
0.475612
0.481906
0.488203
0.494502
0.500802
0.507102
0.513400
0.519697
0.525890
0.532180
0.538464
0.544742
0.551013
0.557276
0.563530
0.569773
0.576006
0.582128
0.588336
0.594529
0.600708
0.606871
0.613017
0.619144
0.625253
0.631342
0.637411
0.643361
0.649385
0.655385
0.661361
0.667311
0.673234
0.679130
0.684998
0.690836
0.696551
0.702328
0.708073
0.713785
0.719463
0.725106
0.730714
0.736285
0.741818
0.747313
0.752682
0.758098
0.763473
0.768807
0.774097
0.779344
0.784547
0.789705
0.794816
0.799801
0.804819
0.809788
0.814709
0.819579
0.824399
0.829167
0.833883
0.838546
0.843155
0.847638
0.852138
0.856583
0.860971
0.865301
0.869574
0.873788
0.877942
0.882037
0.886007
0.889981
0.893892
0.897741
0.901527
0.905250
0.908907
0.912500
0.916028
0.919489
0.922831
0.926160
0.929421
0.932614
0.935738
0.938793
0.941778
0.944694
0.947538
0.950269
0.952972
0.955603
0.958162
0.960649
0.963062
0.965402
0.967667
0.969859
0.971976
0.973986
0.975954
0.977846
0.979663
0.981403
0.983067
0.984654
0.986165
0.987598
0.988933
0.990212
0.991414
0.992537
0.993582
0.994549
0.995438
0.996247
0.996978
0.997631
0.998195
0.998690
0.999106
0.999443
0.999701
0.999879
0.999978
0.999997
0.999938
0.999801
0.999584
0.999287
0.998911
0.998456
0.997922
0.997308
0.996616
0.995845
0.994995
0.994082
0.993077
0.991993
0.990831
0.989591
0.988273
0.986878
0.985405
0.983856
0.982256
0.980554
0.978776
0.976922
0.974993
0.972988
0.970907
0.968752
0.966523
0.964220
0.961881
0.959431
0.956909
0.954314
0.951648
0.948909
0.946099
0.943218
0.940267
0.937295
0.934206
0.931047
0.927821
0.924526
0.921164
0.917735
0.914240
0.910679
0.907053
0.903422
0.899668
0.895851
0.891971
0.888028
0.884024
0.879960
0.875834
0.871650
0.867474
0.863172
0.858814
0.854398
0.849926
0.845398
0.840815
0.836179
0.831489
0.826746
0.822028
0.817183
0.812288
0.807343
0.802350
0.797308
0.792220
0.787085
0.781904
0.776762
0.771493
0.766181
0.760827
0.755432
0.749996
0.744520
0.739006
0.733453
0.727864
0.722327
0.716667
0.710972
0.705244
0.699483
0.693690
0.687867
0.682014
0.676132
0.670316
0.664379
0.658417
0.652429
0.646417
0.640381
0.634324
0.628245
0.622146
0.616027
0.609988
0.603833
0.597663
0.591476
0.585276
0.579061
0.572834
0.566596
0.560347
0.554188
0.547921
0.541646
0.535365
0.529078
0.522787
0.516491
0.510194
0.503894
0.497594
0.491395
0.485097
0.478801
0.472508
0.466220
0.459937
0.453661
0.447392
0.441131
0.434979
0.428738
0.422508
0.416291
0.410086
0.403896
0.397722
0.391563
0.385422
0.379299
0.373291
0.367207
0.361144
0.355103
0.349085
0.343091
0.337122
0.331179
0.325262
0.319467
0.313606
0.307775
0.301975
0.296206
0.290469
0.284766
0.279097
0.273463
0.267865
0.262391
0.256867
0.251382
0.245936
0.240530
0.235165
0.229843
0.224563
0.219327
0.214218
0.209071
0.203971
0.198917
0.193911
0.188954
0.184047
0.179189
0.174382
0.169627
0.164999
0.160349
0.155753
0.151211
0.146725
0.142295
0.137922
0.133606
0.129348
0.125215
0.121075
0.116995
0.112976
0.109018
0.105122
0.101289
0.097519
0.093813
0.090172
0.086652
0.083140
0.079694
0.076315
0.073004
0.069760
0.066584
0.063478
0.060440
0.057519
0.054621
0.051793
0.049036
0.046351
0.043738
0.041198
0.038730
0.036336
0.034015
0.031803
0.029629
0.027530
0.025506
0.023557
0.021684
0.019887
0.018166
0.016522
0.014978
0.013486
0.012072
0.010734
0.009475
0.008293
0.007189
0.006164
0.005217
0.004349
0.003571
0.002859
0.002225
0.001671
0.001196
0.000800
0.000484
0.000246
0.000088
0.000010
0.000010
0.000088
0.000247
0.000484
0.000801
0.001197
0.001672
0.002227
0.002860
0.003561
0.004351
0.005219
0.006166
0.007192
0.008296
0.009478
0.010737
0.012075
0.013467
0.014957
0.016525
0.018170
0.019891
0.021688
0.023562
0.025511
0.027535
0.029634
0.031773
0.034020
0.036341
0.038736
0.041204
0.043744
0.046358
0.049043
0.051800
0.054582
0.057480
0.060447
0.063485
0.066592
0.069767
0.073011
0.076323
0.079702
0.083148
0.086604
0.090180
0.093822
0.097528
0.101298
0.105131
0.109027
0.112985
0.117004
0.121019
0.125159
0.129358
0.133616
0.137932
0.142305
0.146735
0.151222
0.155763
0.160360
0.164936
0.169638
0.174394
0.179200
0.184058
0.188966
0.193923
0.198929
0.203982
0.209002
0.214148
0.219339
0.224575
0.229855
0.235178
0.240542
0.245948
0.251394
0.256880
0.262316
0.267878
0.273476
0.279110
0.284779
0.290483
0.296219
0.301989
0.307789
0.313527
0.319387
0.325276
0.331193
0.337136
0.343105
0.349099
0.355117
0.361158
0.367221
0.373209
0.379313
0.385436
0.391577
0.397736
0.403911
0.410101
0.416305
0.422523
0.428654
0.434895
0.441146
0.447407
0.453676
0.459952
0.466235
0.472523
0.478816
0.485111
0.491310
0.497609
0.503909
0.510208
0.516506
0.522801
0.529093
0.535380
0.541661
0.547836
0.554103
0.560362
0.566611
0.572849
0.579076
0.585290
0.591491
0.597677
0.603848
0.609904
0.616041
0.622160
0.628259
0.634338
0.640396
0.646431
0.652443
0.658431
0.664299
0.670236
0.676146
0.682028
0.687881
0.693704
0.699496
0.705257
0.710986
0.716680
0.722251
0.727877
0.733466
0.739018
0.744533
0.750008
0.755444
0.760840
0.766194
0.771421
0.776691
0.781916
0.787097
0.792232
0.797320
0.802362
0.807355
0.812300
0.817195
0.821963
0.826757
0.831500
0.836190
0.840826
0.845408
0.849936
0.854408
0.858824
0.863114
0.867416
0.871659
0.875844
0.879969
0.884034
0.888038
0.891980
0.895860
0.899677
0.903371
0.907062
0.910688
0.914248
0.917743
0.921172
0.924534
0.927828
0.931055
0.934163
0.937253
0.940274
0.943225
0.946106
0.948915
0.951654
0.954321
0.956915
0.959437
0.961848
0.964225
0.966528
0.968758
0.970912
0.972992
0.974997
0.976927
0.978781
0.980531
0.982233
0.983860
0.985409
0.986881
0.988276
0.989594
0.990833
0.991995
0.993079
0.994069
0.994997
0.995847
0.996618
0.997310
0.997923
0.998457
0.998912
0.999288
0.999580
0.999799
0.999938
0.999997
0.999978
0.999879
0.999700
0.999443
0.999106
0.998689
0.998202
0.997629
0.996977
0.996246
0.995436
0.994547
0.993580
0.992534
0.991411
0.990229
0.988951
0.987595
0.986161
0.984651
0.983063
0.981399
0.979659
0.977842
0.975949
0.974013
0.971971
0.969854
0.967662
0.965396
0.963056
0.960643
0.958156
0.955597
0.953008
0.950306
0.947532
0.944687
0.941772
0.938786
0.935731
0.932606
0.929413
0.926152
0.922876
0.919481
0.916020
0.912492
0.908899
0.905241
0.901519
0.897732
0.893883
0.890034
0.886061
0.882027
0.877933
0.873778
0.869564
0.865291
0.860960
0.856572
0.852128
0.847699
0.843144
0.838535
0.833872
0.829156
0.824388
0.819568
0.814697
0.809777
0.804887
0.799869
0.794804
0.789693
0.784535
0.779332
0.774085
0.768794
0.763461
0.758085
0.752756
0.747300
0.741805
0.736272
0.730701
0.725093
0.719450
0.713772
0.708060
0.702406
0.696630
0.690822
0.684984
0.679116
0.673220
0.667297
0.661347
0.655371
0.649371
0.643443
0.637396
0.631328
0.625239
0.619130
0.613002
0.606857
0.600694
0.594515
0.588420
0.582212
0.575992
0.569759
0.563515
0.557261
0.550998
0.544727
0.538449
0.532165
0.525975
0.519682
0.513386
0.507087
0.500787
0.494487
0.488188
0.481891
0.475597
0.469406
0.463121
0.456841
0.450568
0.444303
0.438047
0.431800
0.425565
0.419341
0.413130
0.407031
0.400849
0.394682
0.388532
0.382399
0.376286
0.370191
0.364118
0.358066
0.352132
0.346126
0.340144
0.334187
0.328257
0.322354
0.316480
0.310634
0.304819
0.299034
0.293372
0.287652
0.281966
0.276314
0.270697
0.265117
0.259574
0.254070
0.248604
0.243264
0.237879
0.232535
0.227233
0.221975
0.216761
0.211592
0.206469
0.201392
0.196363
0.191460
0.186527
0.181644
0.176812
0.172031
0.167301
0.162625
0.158002
0.153434
0.148992
0.144533
0.140131
0.135786
0.131498
0.127270
0.123100
0.118990
0.114941
0.110953
0.107089
0.103224
0.099422
0.095683
0.092009
0.088400
0.084856
0.081377
0.077966
0.074674
0.071395
0.068185
0.065044
0.061971
0.058968
0.056035
0.053172
0.050381
0.047661
0.045054
0.042476
0.039972
0.037540
0.035182
0.032897
0.030687
0.028551
0.026490
0.024535
0.022624
0.020788
0.019029
0.017345
0.015739
0.014209
0.012756
0.011381
0.010083
0.008882
0.007739
0.006674
0.005687
0.004779
0.003949
0.003198
0.002526
0.001933
0.001427
0.000991
0.000634
0.000357
0.000158
0.000040
0.000000
